1.846582104608307
0.12019614558345848
0.5172368025545149
0.11933401051509973
1.8407354203053767
3.1553094044176166
1.518422163488851
0.737544574135081
1.4904102203720164
0.4942945743765428
0.456648703052165
0.9830094325553045
1.1241872723791884
2.8047522164423535
0.1937293832789082
1.1057573148740905
0.756439835971947
1.3597143053594223
1.0733659087131744
-0.4647501532120084
2.5194926270350333
-0.3626971407640385
2.0767861695593974
-0.06923737376815975
-2.1560914602659866
0.9320941551752997
1.1462520285966555
1.7510176977135337
0.698603761534307
0.4088177035472996
-0.24606557229506398
1.9768190032895632
1.2951140496144757
0.9641317771843545
1.13831954700967
1.5056997058037394
1.8732954094026026
0.5037806627959843
0.25926525023806357
-0.5022156825306185
0.9237978955322332
-0.061082958890788186
0.43616425471380227
0.6949253394078168
-0.3284003106272866
0.8920988792784683
1.1603390747153621
0.602797767619245
0.022744993776416478
0.4703626457448806
-0.19089566729980345
0.4716059793298991
0.32802218778488923
0.31512054925142763
0.6805571754334527
1.5033337854509963
3.3508238384911295
0.7020528769214701
2.2219658548560144
0.9590270478137292
-0.020130674109743785
0.045685542549578795
2.453897853294807
0.49573225286342104
-0.5362652897627864
1.124048245575143
1.4345750961534278
0.6276589526442492
1.361170675457659
1.6068448070167496
1.182215954171609
3.0095075639709266
-0.38093704939130757
1.1328015745199442
0.26858052533448007
1.1544819939951443
-0.5463795595306185
-0.9272672228744288
1.0735162112031555
1.7711689409569527
0.27913518152156214
1.2482362846348352
-0.027878168131198144
1.1908446164128965
0.21490298792251672
1.1947683584865556
-0.13227630141237467
1.797765365683323
1.144178788205275
2.208787300379147
0.04251335619723284
0.7037547622377681
1.2602711314768862
2.0394254947015726
2.3444141106365404
1.0793473099046602
0.18401062517451794
0.5568865945205415
-0.6292508848754021
0.4932680751794445
1.189932411274296
-0.24058078695099394
2.000604563141031
0.10972722902830734
1.7458732964444983
-0.2536704084396446
0.7134260460955401
2.2817740034462677
2.423551486508427
1.7711939572081157
1.6556484187293272
1.1107035803443337
1.7326867153573369
1.2939996387994217
1.4599253690902092
0.14597663311017783
2.6830930441090954
0.5699457359641629
2.361033237807187
1.0243058702688514
0.5053028952186631
0.6039267663143224
1.5728057352063156
1.236745404196963
3.3198283180372896
0.9126634511537834
0.9456804581168077
1.4340596727749184
0.07916630162618832
1.813562448366572
1.8758480112292055
1.1844141412709581
1.292619711534189
-0.28580662163706116
4.8146242832990485
1.7445176691197921
1.687499070457435
1.8499166258081214
0.6978164777324567
0.6959594444383185
3.1205318828627164
0.32200430275782965
0.07818923011035372
0.38885441007324184
0.6161553823091257
-1.0408241009679537
1.432317864661892
0.7741512999658661
1.8060524338162554
1.1108184085926966
-0.7983734497631001
0.9309651137208715
1.2621011863109453
0.29430895054575246
0.8229621508558131
1.060109134917564
0.5235886881801735
2.1782217227010916
0.5800023056071979
0.8572263474775057
1.8605901051680194
-0.44032246956883503
-1.5020459428245778
1.9056610617659964
2.4678290296093905
-0.44683772557929036
0.20363767124134635
1.0525866415912888
1.7785002473222893
0.16161852767328755
2.2013800016072373
0.009454430220574017
-0.11942935473577165
0.22910554276957307
2.6997282137511656
-0.2092366947621478
0.952133962001512
1.9564161842715393
2.116306779385775
1.3197033540704186
0.9281560854050852
1.4332594728655428
1.1427321777446424
1.3271004180699397
0.18987432124820036
2.8337300131750007
0.5964809071873585
2.679377089458188
3.3201209149397646
2.2487561852679496
0.5128464881669383
2.2976653780380416
0.30936169777385913
-0.6732940153453844
0.6672311621191366
0.0799717918886631
1.7967645704874187
0.817448093063164
0.37113249687434857
-0.34487529080133994
0.8042670147537998
-0.19418729570774507
1.9590250049580127
1.4178643423420985
0.5111421489183855
2.456190176195415
2.197765630978691
2.0306660923412654
1.1736355500722286
1.6987939480724203
0.950141614160708
1.0526824629954235
2.7929516654865756
1.8168940709834094
0.6906014889005787
1.220123708954856
0.8217566945601118
2.669421126846652
1.1282388435330768
1.626113701987396
-0.6325591786077338
3.4520668366944216
-0.5077554908186315
1.0503552055714707
0.6596371774113656
1.0182235022994135
-0.30960196703615694
-0.639683872919196
1.4182730289364485
0.32592362908131267
1.2271978853316674
2.4118629440532766
0.6100099978989986
1.9581339782998048
1.8637203895010925
1.8687312318290261
0.466545838062531
0.5535803146327427
0.046902933598252816
2.008672703726946
0.06935758048438356
0.27584889976269455
1.7817998666687185
-0.35717979760152363
-0.35142265811770446
1.0908614473188143
0.41258902531709285
1.8372718759226971
1.1182731168130662
1.1341121785470178
1.2904627232518484
0.6548892704989353
1.7049523588438098
-0.33891375030055393
0.03593353480003536
2.4271896948846585
1.0738042125289398
0.3217553292599714
1.6548193021909912
0.9172435655865743
1.232182507029534
1.053406668208091
-0.4548797324808369
-0.8149626519238036
1.595934214958528
-0.3075881322739338
1.3513154420498283
-0.14261101125954534
1.720588250380382
1.52975165173306
0.6845284580146023
1.3797490397523424
2.9267152035108244
-0.13952539919467144
1.3589864904734081
1.2782038380857728
-0.5804788500334852
1.431003811652778
1.1591415085881127
0.40197143409531055
-0.5397102137936653
-0.2865436718326171
0.007804399027279252
0.8774011818720224
1.2260563165443763
1.8447496440926539
0.29470533592103676
1.3645904872902554
-0.10346561289983414
2.3349355821639977
-0.28396165991133326
1.0410728450097484
2.2169354153152745
0.5145468528825055
2.5108747350460074
1.6247178094952526
0.5859941431840636
0.6044388843696491
1.716812978044852
0.9219112153585729
1.1727389949567668
1.9376135315020475
0.8079396696272659
1.7745560425104159
1.8841510803710566
1.4306394434015202
1.988788841034143
0.48824000322582806
0.2595149882219834
2.6413110660727916
1.360735589899475
1.0649621625003092
0.4423746711487806
0.8638980129782677
0.9830691119654587
1.8723270430969596
-0.2344865359865531
1.2851235353440764
-1.3574051109382377
0.866217370112772
1.0748302833418764
1.104876540901224
0.2924815032993452
0.7000505700339038
-0.39274528850860047
0.09237378971161381
1.421290750206925
1.0332239308139357
2.6752937467544706
0.33431982077299627
1.7155456212401798
0.17595826452705154
1.0610257770764577
0.9729559507685311
1.3818802698879546
0.815850653840033
0.9548611986097347
1.0109129951007358
2.5437550609626043
3.207939734079879
0.38466234708006264
0.7759731188336594
0.014492050817705437
2.4846349482078542
0.7574912259013542
2.2149863066790667
0.44642401895522243
0.001084535527067887
1.1735784711666424
-1.269137013258307
1.3341884554993546
1.48567176227189
1.1414774970272434
0.2310877859942957
0.9642461096490252
-0.053558241372311466
1.2234667612287367
1.4016449533714312
-1.5386211399279581
1.950303666328891
1.5682697164282826
1.0496901496193682
1.700741928060118
0.7935479781483044
0.8125316836403127
1.0794653345915874
1.2578152400587048
3.2200310377598873
2.581586233004705
0.6636455378448316
1.807461571000498
1.067894878511225
-0.06137646537271868
0.016827921246634125
0.5801978239606949
0.08351113077031458
0.04408173384902825
0.7937573165253659
0.9279379783077415
